397057698023
345458903545
400868348838
401911529004
402056827662
226933429494
407300761684
407155389536
226950628705
408675011456
412863201936
227014364347
422014375587
424139366048
421088282091
430322340400
430422496571
432438097428
430788872682
227330533057
227369619587
439023024323
431212108948
439729382010
431212110017
440097565375
431354903446
440792003401
443331121273
443480093801
443995902275
454545936449
458712354896
466891350105
467544098643
459903188158
471344113472
353306186838
353327025069
471546341348
493194052925
472078018701
354150678352
354150541254
499165585512